[views/ko-migration]
version = 9.3.1
modtime = 1753075955.663890000

[views/kv-migration]
version = 9.3.1
modtime = 1753076063.467475000

[views/role-migration]
version = 9.3.1
modtime = 1753076172.180988000

[views/lookup-migration]
version = 9.3.1
modtime = 1753076388.104548000
