[app/ui]
version = 9.3.1
modtime = 1752701154.991874000

[app/launcher]
version = 9.3.1
modtime = 1752701154.994203000

[views/kv-migration]
version = 9.3.1
modtime = 1752805686.544160000
